5.6200 5.6200 5.6200
90 90 90
0.000001
Na1 0.0000 0.0000 0.0000 1
Cl1 1.0000 1.0000 0.5000 -1	
Cl1 1.0000 0.0000 0.5000 -1	
Cl1 0.0000 0.0000 0.5000 -1	
Cl1 1.0000 0.5000 1.0000 -1	
Cl1 0.0000 0.5000 1.0000 -1	
Cl1 1.0000 0.5000 0.0000 -1	
Cl1 0.0000 0.5000 0.0000 -1	
Cl1 0.5000 1.0000 1.0000 -1	
Cl1 0.5000 0.0000 1.0000 -1	
Cl1 0.5000 1.0000 0.0000 -1	
Cl1 0.5000 0.0000 0.0000 -1	
Cl1 0.5000 0.5000 0.5000 -1	
Cl1 0.0000 1.0000 0.5000 -1	
Na1 0.5000 0.5000 0.0000 1	
Na1 0.5000 1.0000 0.5000 1	
Na1 0.5000 0.0000 0.5000 1	
Na1 1.0000 0.5000 0.5000 1	
Na1 0.0000 0.5000 0.5000 1	
Na1 1.0000 1.0000 1.0000 1	
Na1 0.0000 1.0000 1.0000 1	
Na1 1.0000 0.0000 1.0000 1	
Na1 0.0000 0.0000 1.0000 1	
Na1 1.0000 1.0000 0.0000 1	
Na1 0.0000 1.0000 0.0000 1	
Na1 1.0000 0.0000 0.0000 1	
Na1 0.5000 0.5000 1.0000 1	
