5.462 5.462 5.462
90 90 90
0.000001
Ca 0.0000 0.0000 0.0000 2
Ca 1.0000 0.0000 0.0000 2
Ca 0.0000 1.0000 0.0000 2
Ca 1.0000 1.0000 0.0000 2
Ca 0.0000 0.0000 1.0000 2
Ca 1.0000 0.0000 1.0000 2
Ca 0.0000 1.0000 1.0000 2
Ca 1.0000 1.0000 1.0000 2
Ca 0.0000 0.5000 0.5000 2
Ca 0.5000 0.0000 0.5000 2
Ca 0.5000 0.5000 0.0000 2
F 0.2500 0.7500 0.7500 -1
F 0.7500 0.2500 0.7500 -1
F 0.7500 0.7500 0.2500 -1	
F 0.7500 0.2500 0.2500 -1	
F 0.7500 0.7500 0.7500 -1	
F 0.2500 0.2500 0.7500 -1	
F 0.2500 0.7500 0.2500 -1	
F 0.2500 0.2500 0.2500 -1	
